41,222
36,63
36,62
36,61
0,501
41,337
41,336
0,500
41,286
41,285
41,335
41,248
41,241
0,499
41,334
41,282
41,333
0,498
41,332
41,284
0,497
41,331
41,330
0,496
41,283
41,281
41,247
41,240
41,329
41,328
0,495
41,327
41,246
41,235
41,280
41,326
41,245
41,239
0,494
41,244
41,237
41,278
41,243
41,233
41,242
41,232
41,325
0,493
41,324
41,279
41,323
0,492
41,277
41,322
41,321
41,276
41,320
41,141
41,227
41,275
41,140
41,139
41,138
41,274
41,137
41,136
41,273
41,225
41,135
41,383
41,272
41,238
41,226
41,223
41,134
41,236
41,224
41,234
41,229
41,133
41,231
41,271
41,132
41,230
41,131
41,270
41,130
41,129
41,269
41,128
41,228
41,191
41,268
41,190
41,267
41,189
41,188
41,266
41,187
41,186
41,265
41,185
41,184
39,268
39,267
39,266
39,265
39,264
39,263
39,262
39,261
39,260
39,259
39,16
39,15
39,258
39,257
39,256
39,255
39,254
39,253
39,252
39,251
39,250
39,249
39,248
39,247
39,246
39,245
39,244
39,243
39,14
39,242
39,241
39,240
39,239
39,238
39,237
39,236
39,235
39,234
39,233
39,232
39,231
39,230
39,229
39,228
39,227
39,13
39,226
39,225
39,224
39,223
39,222
39,221
39,220
39,219
39,218
39,217
39,216
39,215
39,214
39,213
39,212
39,211
39,210
39,12
39,209
39,208
39,207
39,206
39,205
39,204
39,203
39,202
39,201
39,200
39,199
39,198
39,197
39,196
39,195
39,194
39,11
39,193
39,192
39,191
39,190
39,189
39,188
39,187
39,186
39,185
39,184
39,183
39,182
39,181
39,180
39,179
39,178
39,10
39,177
39,176
39,175
39,174
39,173
39,172
39,171
39,170
39,169
39,168
39,167
39,166
39,165
39,164
39,163
39,162
39,9
39,161
39,160
39,159
39,158
39,157
39,156
39,155
39,154
39,153
39,152
39,151
39,150
39,149
39,148
39,147
39,146
39,145
39,8
39,144
39,143
39,142
39,141
39,140
39,139
39,138
39,137
39,136
39,135
39,134
39,133
39,132
39,131
39,130
39,129
39,7
39,128
39,127
39,126
39,125
39,124
39,123
39,122
39,121
39,120
39,119
39,118
39,117
39,116
39,115
39,114
39,113
39,6
39,112
39,111
39,110
39,109
39,108
39,107
39,106
39,105
39,104
39,103
39,102
39,101
39,100
39,99
39,98
39,447
39,5
39,446
39,445
39,444
39,443
39,442
39,441
39,440
39,439
39,438
39,437
39,436
39,435
39,434
36,272
36,271
36,270
36,269
36,268
36,267
36,266
36,265
36,264
36,263
36,11
36,8
36,262
36,261
36,260
36,259
36,258
36,10
36,7
36,257
36,256
36,255
36,254
36,253
36,252
36,251
36,250
36,249
36,248
36,247
36,246
36,9
36,245
36,244
36,243
36,242
36,241
36,240
36,239
36,238
36,237
36,236
36,235
36,234
36,233
36,232
36,231
36,230
36,229
36,228
36,227
36,226
36,225
36,224
36,223
36,222
36,221
36,220
36,219
36,218
36,217
36,216
36,215
36,214
36,213
36,212
36,211
36,210
36,209
36,208
36,207
36,206
28,6
28,5
33,6
33,5
27,4
0,440
0,383
0,569
0,568
0,567
0,566
0,565
0,564
0,563
0,562
0,561
0,560
0,559
0,558
0,557
0,556
0,555
0,554
0,553
0,552
0,551
0,550
0,491
0,549
0,490
0,489
0,548
0,488
0,547
0,487
0,546
0,486
0,545
0,485
0,484
0,544
0,483
0,543
0,482
0,542
0,481
0,541
0,480
0,540
0,479
0,539
0,478
0,538
0,477
0,476
0,537
0,475
0,536
0,474
0,535
0,473
0,534
0,472
0,533
0,471
0,470
0,532
0,469
0,531
0,468
0,530
0,467
0,529
0,466
0,528
0,465
0,527
0,464
0,526
0,463
0,525
0,462
0,524
0,461
0,523
0,460
0,459
0,522
0,458
0,521
0,457
0,520
0,456
0,519
0,455
0,518
0,454
0,517
0,453
0,516
0,452
0,515
0,451
0,514
0,450
0,513
0,449
0,512
0,448
0,439
0,438
0,437
0,436
0,435
0,434
0,433
0,432
0,431
0,430
0,429
0,428
0,427
0,426
0,425
0,424
0,423
0,422
0,421
0,420
0,419
0,418
0,417
0,416
0,415
0,414
0,413
0,412
0,384
0,324
0,243
0,9
0,0
0,1
0,300
0,299
0,298
0,297
0,296
0,295
0,294
0,293
0,292
0,291
0,290
0,289
0,411
0,288
0,287
0,286
0,285
0,409
0,284
0,283
0,282
0,408
0,281
0,280
0,407
0,279
0,278
0,406
0,277
0,276
0,382
0,275
0,274
0,410
0,273
0,570
0,571
0,573
0,574
1,3
2,3
27,0
27,2
27,3
27,9
28,0
28,1
28,2
28,4
41,3
38,5
41,4
31,1
31,3
31,4
41,1
41,5
32,1
32,3
36,3
33,0
33,2
39,3
36,0
39,4
36,4
39,1
36,205
37,0
37,2
37,4
38,0
38,2
39,0
39,433
41,0
41,183
41,2
39,2
38,1
37,3
37,1
36,6
36,5
36,2
36,1
33,11
33,4
33,1
32,2
32,0
33,3
31,2
31,0
28,3
38,4
38,3
27,1
4,3
0,575
0,572
0,380
0,272
0,271
0,405
0,270
0,379
0,269
0,404
0,268
0,378
0,267
0,403
0,266
0,377
0,265
0,402
0,264
0,376
0,263
0,401
0,262
0,381
0,261
0,375
0,260
0,259
0,374
0,258
0,373
0,257
0,372
0,256
0,400
0,255
0,371
0,254
0,370
0,253
0,369
0,252
0,399
0,251
0,368
0,250
0,367
0,249
0,366
0,248
0,398
0,247
0,365
0,246
0,364
0,245
0,396
0,244
0,363
0,242
0,362
0,241
0,361
0,240
0,395
0,239
0,360
0,238
0,359
0,237
0,394
0,236
0,358
0,235
0,357
0,234
0,356
0,233
0,393
0,232
0,355
0,231
0,354
0,230
0,391
0,229
0,353
0,228
0,352
0,227
0,351
0,226
0,390
0,225
0,350
0,224
0,349
0,223
0,222
0,348
0,221
0,347
0,220
0,346
0,219
0,218
0,345
0,217
0,344
0,216
0,343
0,215
0,214
0,342
0,213
0,341
0,212
0,340
0,211
0,389
0,210
0,339
0,209
0,338
0,208
0,337
0,207
0,388
0,206
0,336
0,205
0,335
0,204
0,334
0,203
0,387
0,202
0,333
0,201
0,332
0,200
0,386
0,199
0,331
0,198
0,330
0,197
0,329
0,196
0,397
0,195
0,328
0,194
0,327
0,193
0,392
0,192
0,326
0,63
0,325
0,62
0,323
0,61
0,322
0,60
0,321
0,59
0,320
0,58
0,319
0,57
0,318
0,56
0,317
0,55
0,316
0,54
0,53
0,314
0,52
0,385
0,51
0,312
0,50
0,311
0,49
0,310
0,48
0,47
0,308
0,46
0,307
0,45
0,301
0,6
0,5
0,304
0,303
0,306
0,305
0,302
0,12
0,10
0,8
0,11
0,4
0,2
0,3
0,7
